5451.727701666667
1439.7483316666667
1014.3186850000001
901.3503416666666
1023.672994
1025.0196736666667
885.2486570000001
1432.7556563333335
908.42098
942.3706663333334
924.7736613333333
862.5850016666667
878.8806556666667
2848.676676333333
6387.762044333333
874.7923383333333
862.3920086666667
909.766317
1006.0733233333334
894.6729936666667
927.8736576666666
1336.7196450000001
870.872986
860.509664
914.024007
902.125651
1935.716349
904.2216796666667
887.7133176666666
1639.6023356666667
975.2813313333332
1003.7643429999999
5260.752116333333
943.1329956666667
947.2930093333333
899.608337
1007.7040000000001
894.0176596666666
1020.2830199999999
4845.026367333334
898.7609863333333
5371.056641
1009.9466756666667
4893.620768333333
1007.027995
874.3860066666666
1513.4696860000001
1352.1126706666666
1521.561076
885.157674
1713.2867023333336
6296.0032550000005
4798.972005333333
1018.9010010000001
1007.9370116666668
906.674357
1008.538981
895.962321
2748.8203123333333
897.9489946666666
1341.338379
889.1160073333334
1632.2433673333333
993.2853190000001
2833.5900063333333
886.860331
881.0183310000001
958.4146726666667
4859.239420666667
1432.9736326666668
1358.3863526666667
1551.2937013333333
2672.550049
937.5989989999999
896.3083293333334
909.2103270000001
1006.983317
915.6796673333333
4939.565592333333
895.4673256666666
1006.2136636666668
906.7009889999999
918.9699909999999
1923.2553303333334
926.049662
917.0176593333332
911.5833333333334
2340.654948
1546.577352
2253.0800373333336
1307.2806803333333
882.4946490000001
2199.5663250000002
992.5506793333333
1329.780355
866.8499956666668
883.0069990000001
915.988342
896.838989
1026.2833253333336
1702.192017
1761.5196939999998
5463.374023666667
889.7043253333333
1353.9940186666665
929.2026566666667
6529.749349000001
1417.0919596666665
900.8063153333334
1437.7683103333331
1335.047689
940.8956706666667
1454.292643
1433.96403
1300.2130123333334
1432.2473146666664
853.1246540000001
1012.096008
893.407674
888.0730183333334
940.769328
893.964335
990.0610150000001
973.4616696666667
1577.6629636666667
922.15332
1021.9419760000001
1330.5283200000001
893.7196656666666
1364.6396483333335
940.061666
1343.7130129999998
938.9639893333333
983.7549846666667
1358.0666913333334
989.375651
914.688334
1315.6453043333333
886.3286743333333
890.6673379999999
907.4889929999999
990.5060020000001
989.8653156666668
1670.9079996666667
976.0476686666667
923.3253376666667
894.1796466666668
1573.730957
990.3693236666667
1389.281697333333
2824.361653666667
1000.046326
922.7553506666667
876.8650106666668
986.3350016666667
936.740336
939.6679893333334
1476.148641
4818.194987
1017.480672
1473.2109783333333
4828.388346333333
994.8689983333334
928.4263303333333
922.6809893333333
1806.1866453333332
6749.9523113333335
6568.314290333333
4883.249674666667
1026.9889933333334
2383.409302
5390.178385666667
4861.544433666667
920.5106606666667
898.4686683333333
924.5799966666667
900.7126670000001
1420.711995333333
4813.082357
940.9016723333333
940.5289916666667
927.7143353333335
920.5303346666666
1285.140015
1034.1840009999999
1024.1283366666667
918.488342
912.1813149999999
4809.199381666666
919.2696733333333
5402.708007666667
889.2480063333333
1511.0406903333333
1506.663004666667
4821.8004556666665
4803.248372666666
903.1553343333334
1009.7780153333333
1376.856323
1013.2290036666667
1040.4469806666666
1045.7609863333334
1380.1533200000001
1007.0746866666667
910.7426756666667
944.0646766666667
4811.090006333333
944.328003
2031.6969806666666
1611.0230306666665
892.8450113333333
1913.2683513333334
4805.706380333333
925.919332
936.617676
1394.974365
933.3643189999999
3133.685954
2088.532023
1951.6529946666667
1799.3246659999998
895.581665
1003.4830116666667
5130.7596029999995
949.4130043333334
909.2876793333334
911.3406576666666
925.6726686666666
894.9236653333334
1052.021647
5474.866699000001
2028.4799396666665
1437.6513263333334
914.6639813333333
912.398987
891.3986613333333
1356.7156573333334
1433.912964
1031.3056846666666
4806.957357
898.7056680000001
926.8313393333333
887.1916706666666
910.3699953333333
906.3446656666669
940.256653
948.0360106666667
1016.845988
1435.679362
2234.7990313333335
2240.707316
986.987671
973.0076496666667
1405.337321
5279.123372333333
884.3856609999999
1024.2700193333333
1033.7867026666665
1004.947001
997.3626909999999
973.0533243333333
1020.3700153333334
1350.0563556666666
1014.9789833333334
4822.418945333334
941.3843183333333
894.0110066666666
935.4666546666667
859.707316
1007.7613323333334
2909.0756836666665
1047.8620196666668
1315.9629716666668
1003.8833209999999
937.4640096666667
912.3676756666667
887.679667
1009.5093383333333
877.2350056666668
913.1283163333334
1035.0806479999999
1033.79598
1428.2750243333332
900.3440146666667
889.7416786666666
930.2803343333334
1009.2769979999999
909.2839966666667
892.2119953333334
1043.4233603333334
873.1060183333333
1031.5706786666667
2161.2080076666666
1353.0069986666667
4833.208984666667
2352.6659343333336
1027.6723633333334
1349.100708
1000.6809896666667
2675.0049643333336
860.0269976666667
5146.568685
1038.5486653333335
1504.8383383333332
1040.6809896666666
1038.337362
1010.9629923333332
1013.389669
1032.6886393333334
1033.3506673333331
933.1040039999999
1049.4003503333336
1420.945353
949.6900023333334
937.4916790000001
907.834005
1045.0646566666667
931.0266723333334
912.8550006666666
932.4643353333335
911.3019816666666
1027.2596436666668
943.8783366666667
961.6656496666666
960.3619996666666
924.774333
1020.2989706666666
6797.3994139999995
953.3359983333334
918.481323
942.0269979999999
2143.578979666667
1035.0443523333336
1039.4729816666666
940.6216836666666
921.4763183333334
957.572998
957.0586546666667
915.6956583333334
965.9946696666666
947.959656
6476.612630333333
1004.1516726666667
5473.3457033333325
941.3983156666667
936.2033286666666
1038.4777020000001
922.3176676666667
949.229655
927.997335
1040.6909993333336
1016.9140016666666
1461.8339843333333
945.7386676666666
1038.1663003333333
5146.203613333333
907.9233399999999
932.8340046666666
1477.1706543333332
1025.3463133333335
4955.71403
1003.4846596666666
936.6996663333333
1037.5456543333332
1020.7866416666666
1026.846659
943.1536663333333
941.2353313333333
932.665019
4814.146647333334
941.51532
940.2943319999999
945.107666
929.8189900000001
928.5996703333334
1013.5043336666668
929.3986613333333
924.8376670000001
917.0939943333333
941.2203370000001
1488.3616946666668
954.1306763333333
1036.2609863333334
933.990316
940.3456829999999
1706.216675
1028.7700196666667
934.1713256666667
948.1433310000001
960.1866660000001
937.1360066666666
967.733012
4938.409342666667
886.5640056666666
937.1673383333333
1332.7536623333333
2012.5189613333332
877.4066773333333
2062.9563396666667
902.3803509999999
974.481649
995.4363196666667
874.2670086666667
893.7473346666666
991.5043336666668
892.988322
892.27535
898.5939943333333
984.234985
876.5523273333333
875.4049883333333
1301.3539633333332
935.425008
886.7193396666667
1638.9213053333333
4813.555338666666
4804.750000333333
879.156677
1408.913004666667
983.7480059999999
1398.5010173333333
903.9116616666666
1001.6263223333334
928.9626669999999
919.5266723333334
914.0609943333334
897.573344
908.6163123333332
902.4946696666667
918.9713336666667
4819.845703
899.360677
988.9166666666666
909.0616660000001
894.0923256666666
1017.3483276666666
981.6096600000001
891.064677
1000.1849973333333
1417.0726723333335
877.0003459999999
951.999003
881.5046589999998
893.891337
1026.7079873333332
913.9786583333334
930.7246706666666
914.7829793333334
4814.816569333333
904.9170123333333
4826.137532333333
1006.6653443333333
1017.5830076666666
923.1333413333333
914.8520103333334
919.8783366666667
884.5989786666668
872.2996626666667
913.3389893333333
1005.300008
1009.7093506666666
977.9746500000001
5455.5973306666665
869.0253293333334
913.2909956666667
1014.0323283333333
4787.952474333332
4934.975586333333
1424.7736409999998
2080.8119303333333
1429.4306640000002
5275.066081
934.3976643333332
1032.9609986666667
1039.677368
1025.4996946666668
1039.5230306666667
1419.6710206666667
944.186666
1042.3083493333334
6858.168945333334
1681.1542966666668
989.684326
1036.89799
1041.8073323333333
1350.6310223333332
1448.9469806666666
1418.6509603333334
1014.4656576666666
1011.8583373333335
921.2416790000001
905.6806643333333
1442.260986
2461.7319743333333
1853.9616696666665
1025.0986736666666
1027.0676673333335
920.983663
2985.9793293333337
1450.0537109999998
1054.5213623333332
1375.9250083333334
1045.9520063333334
904.3080036666667
938.1170043333333
1042.085978
4817.934732999999
1001.2263386666667
4805.431315
1030.527018
1458.180013
914.0790000000001
1454.6939696666668
928.7823083333334
1037.5936686666666
1056.9143063333333
910.6579793333334
1344.5609946666666
1018.5260009999998
5153.428059999999
898.4919839999999
913.613342
1017.5313316666667
4808.864908666666
1046.9196373333332
1039.181315
922.4536543333334
1376.7996823333335
929.5759886666668
883.710653
1311.8267006666667
1342.2593180000001
903.6950073333334
1437.662679
903.335673
906.3306683333334
2809.9903969999996
916.3713379999999
1020.3410033333333
1560.0790203333333
909.466329
1705.2036540000001
1013.716329
915.691691
900.9563193333333
1005.4419963333333
1018.6553549999999
1028.8969723333332
923.7579956666667
1035.4203286666666
1312.1883546666666
1022.939677
887.731649
926.36733
887.8400066666667
5455.790039333334
1044.0613203333332
919.78302
1001.823649
879.6173093333333
987.9846600000001
905.9133503333333
977.1603393333334
893.3293253333333
2579.5120439999996
4834.325195
1421.8906656666666
10979.156250333332
876.2306516666667
901.0346680000001
989.4796550000001
1000.6073203333334
1014.8216553333333
1005.3140053333333
1019.6779783333333
1302.2917076666665
4788.677083333333
898.0016683333333
880.2000119999999
872.821004
1007.230998
865.740336
1014.6096596666666
1024.249654
908.714335
981.5670163333333
934.2153320000001
1000.4396566666666
870.0799966666667
997.5659993333334
1016.2323200000001
998.3273516666667
1340.9340006666666
1003.1370036666667
1007.5150146666668
1000.9626870000001
999.9263306666667
901.20933
886.855347
1947.8363036666667
976.059652
1004.6163333333333
913.048991
2117.890706333333
1393.8149819999999
989.940328
1017.542989
910.4099933333333
996.6859946666667
1022.3936566666667
1034.0743203333334
904.1510010000001
1307.532674
1426.5799966666666
1435.7373453333332
2966.348714333333
998.8603313333333
920.9793293333333
1013.430664
1313.3079833333334
878.5979816666667
2278.6000163333333
865.5663249999999
1846.9773763333333
1031.221334
1006.158671
892.896993
903.3986613333333
1001.684672
1882.1579996666667
1015.1136473333332
997.178996
4794.706054666666
995.4520056666667
7030.396809999999
876.5826619999999
1307.9400226666667
1006.494995
932.3630166666667
1038.7260336666668
1343.9626873333334
872.6710003333333
996.1869916666668
1020.2763466666665
1033.5343423333334
1025.7383419999999
1399.0890299999999
932.636332
941.3313396666667
2229.517985
963.7176716666667
4821.723795666667
1437.283976
1191.630005
1348.2069903333334
899.3413493333333
1403.9243163333333
938.5373333333333
948.2156576666666
1499.2909746666664
939.6343383333333
1398.5406903333333
934.466329
1028.1279703333335
927.919006
915.0373333333333
922.25767
951.5580239999999
1013.833313
1037.4799803333333
5153.384277333334
922.9266563333334
952.6273396666667
922.2589926666666
927.213664
938.3066606666666
922.7673336666667
950.4626669999999
917.3250123333333
1382.8246663333332
934.892985
954.437663
913.8376466666665
909.3223266666668
1460.8740236666665
1048.6562906666668
1044.4683429999998
935.4336750000001
5151.160644333333
937.6863399999999
927.4863483333332
928.8193356666667
936.6883343333334
1005.987671
927.7209883333334
1047.717651
951.471334
939.6483356666668
1375.524048
960.4263303333333
972.7389933333334
2613.3610839999997
1691.0666913333334
925.2779746666666
1038.956014
1365.5946860000001
4828.715169333333
1030.5783283333333
930.9863283333333
1011.8399863333334
1036.6716306666667
928.766337
1716.3490396666666
2176.5823163333334
1546.6800130000001
1810.8993326666666
5491.054524666666
1420.403361
906.5146483333333
950.7299806666666
1029.2430016666667
937.487976
1010.3670040000001
926.562317
1035.4129639999999
1015.6230059999999
1042.586669666667
1677.7379963333333
932.7786663333333
953.4890140000001
1008.0630086666666
1019.2059936666668
948.7330116666666
904.0693156666666
1005.016337
879.6276653333333
920.3209840000001
1739.5849609999998
928.968994
908.9533286666666
895.9273276666667
1011.717346
1724.3436683333332
922.0153399999999
939.1403403333334
1438.0466716666667
987.0106606666667
923.1410113333333
885.592346
919.7423299999999
919.2253420000001
958.6609906666666
1019.5809936666666
1024.0013226666667
1014.1899823333333
1640.1360270000002
903.298991
886.9310096666667
1259.8439943333333
5433.246907666667
883.4506633333334
944.189331
1019.5083213333332
903.5823366666667
4806.372395666666
1038.9443563333332
902.0006713333332
1528.31368
946.3036703333333
4861.645996
1013.5886636666668
1012.3976646666666
1019.7579960000002
5163.022135666666
1652.7867023333336
4942.355957
901.0213416666666
1013.54067
1020.6436766666667
1011.535665
921.1059976666666
879.9366656666667
1019.593343
1614.0646563333332
1011.3629966666667
909.085673
918.837321
1043.0073243333334
911.389994
1043.0630290000001
1015.2319946666667
1015.4920040000001
1036.0866903333333
925.5896606666666
1005.7373453333333
933.6143189999999
3237.248046666666
892.6736653333334
995.588643
929.2326656666668
1024.5676879999999
895.5166423333334
1014.9396566666668
909.8090006666666
917.8926596666666
1443.754638333333
4851.594401333333
924.5206703333333
1013.2490233333333
924.8803303333334
1015.900004
1022.8540039999999
1029.6013593333334
4810.520182
1030.5559893333332
1005.1399943333332
1032.2973426666667
1379.676351
962.4066773333334
1006.6433310000001
959.9500123333333
1048.3816323333333
913.2806803333333
930.377319
1017.3043416666666
893.5930176666667
1020.2503253333334
1555.676351
4809.388671666667
1019.0429686666666
1004.9833173333333
1017.0799966666667
1328.4710286666666
1398.1426593333333
1621.2363686666667
1008.6423336666667
872.4059853333333
919.930664
1557.3813066666664
926.4600016666667
1027.603007
1035.5390220000002
940.6500040000001
4963.628906
911.8329876666667
1035.1053263333333
1009.4163206666667
928.475667
2053.033
5459.575033
2857.4862466666673
920.2506710000001
1035.6173093333334
1001.038676
4808.118815
1012.6880090000001
885.2596636666667
1026.923645
917.7309976666666
4874.553548
1014.9010009999998
955.2536620000001
899.3250123333333
899.2836713333332
918.87734
1010.6946613333333
931.555664
1749.460327
901.1306759999999
901.8456419999999
1020.5610150000001
1734.1520183333334
1816.4789633333332
4795.620442666666
907.4853513333334
928.6763103333333
1026.5296633333332
1007.906006
1015.6356609999999
1721.8566896666664
1025.2393393333332
1012.2953289999999
1816.4896646666666
1012.1530153333333
1011.108317
1431.2633056666666
1015.7423296666667
893.2753296666666
1003.4660036666668
1364.5876466666666
1023.8523356666668
971.7469886666667
877.0563356666667
1028.0823566666666
905.7623290000001
1019.0773313333333
1715.8993733333334
1343.8420006666665
928.7483313333332
1016.447998
923.953003
1313.6686603333335
999.0266726666665
967.7583413333333
938.3313396666667
926.9263306666667
1015.6286620000001
1326.9253336666668
1005.0630086666666
4819.217773333333
900.7160033333333
928.768677
861.0106609999999
893.573344
999.6426596666666
914.622335
922.0496826666667
917.8863523333333
885.3540043333334
856.3860066666666
5133.587402666667
998.0019936666667
941.9153236666667
1011.240682
931.0916746666667
1362.9423423333335
904.7943316666666
1513.5139973333335
1022.3080036666667
1024.45166
6732.027343666666
5143.110351666667
1012.7886556666667
917.8363443333334
893.4526773333333
1011.9740193333333
991.355347
868.697001
1053.9423423333335
927.624003
983.8489989999999
898.7726849999999
888.7160033333333
1010.1076863333334
1747.591634333333
1014.4140016666666
985.2946776666666
909.6269940000001
1011.7903443333333
1809.1279703333332
4816.705403666667
1001.5590006666666
4790.103190000001
4789.501139333333
935.1903080000001
1044.771037
1005.6523236666667
875.6799926666667
1008.8076580000001
1036.535014
913.8083496666667
915.9233196666668
858.9219973333334
1446.2856853333333
4805.556966
903.052999
1016.1943153333333
898.9226686666667
1036.426697
884.531657
999.2309773333333
915.5563353333333
1409.6686603333335
981.8819986666667
914.714335
5135.602376333333
1647.1569826666666
1051.1719970000001
1008.5616656666666
6511.770995999999
1206.4776610000001
1021.7783406666667
870.2179970000001
905.8989866666667
997.744995
932.8119913333334
875.3276569999999
1001.4306643333333
906.4466756666667
1026.725362
4932.640299333333
1650.0006919999998
1010.21167
1255.7430013333333
885.9703370000001
1022.168681
1314.9693200000002
1011.7816770000001
1804.307332333333
902.304667
982.6353353333334
997.5100096666666
895.947998
1004.8593343333333
5476.778157333333
1014.5873213333334
