10877.849609333332
4801.586588333334
3959.842366333333
11061.483398333332
3944.6267093333336
3935.2574056666667
10950.809895666667
3966.112630333333
11014.911458666667
3657.12264
47744.688802
5353.284342333333
3649.224446666667
3722.015950333333
3663.50236
3705.495361333333
4804.725260333334
3659.397949333333
10893.010416666666
4849.972981666667
3682.6676433333328
3659.629964333333
3680.292643
45812.307291666664
47452.441406
10659.112955666667
3573.301920666667
3578.6849769999994
43862.59375
41889.17838533333
5890.230957
10816.650390333334
10006.416992
17573.997396000002
44629.60546866667
46788.360677
5837.642415333333
10519.722981666668
10969.062174333332
3679.8829753333334
3676.9273276666663
3661.2237139999997
3665.4697266666662
3666.0327146666664
3649.2486163333338
10709.811523333334
10506.086588666665
43495.263020666665
17626.376953
4001.3463543333332
10620.802083333334
3559.2199706666665
3574.651367
3572.3890786666666
3559.2549639999997
3623.170329
3593.059326
3594.8033040000005
3600.838623
4836.637532666667
4750.147786333334
4602.076660333333
11029.780924333334
3622.40861
3607.8619793333332
4826.317383
3618.0226236666663
3621.8177083333335
10588.792968666667
4857.263020666666
3636.3759763333333
10603.840494999999
3602.052653
4781.654296666667
3579.121337666667
3565.9693196666667
3987.595703333333
10441.439453333334
3983.0507
10202.335286333333
3587.900634666667
3562.0029296666667
10348.488281333333
10625.692383000001
6155.073567666666
44451.08593766667
10647.439453333334
41245.86718733333
4654.531413
10708.033203333332
3595.1089683333335
3573.8710936666666
43346.83203133333
3594.3393556666665
3580.1233723333335
10253.182291666666
11041.684570333333
3686.9279786666666
10375.220052333334
10707.316731666668
10632.752929666667
11037.985026
17529.778645666665
11000.860351666664
11008.974284000002
3687.4213053333333
10348.901692333333
3642.37264
45421.109375
3604.347982
3605.786051333333
5796.656249666667
10896.468424333332
4804.1373699999995
44171.82031266667
5130.009928666666
6084.938314
4607.629069
10455.512369666667
3575.2696943333335
3611.172607333334
4035.093668666667
4031.8493653333335
4058.822265666667
43993.677083333336
3611.4343263333335
41231.567707999995
42267.96614533334
3573.7886553333333
46075.002604
10295.162435
10902.914388333333
11015.412435
45607.998698
3599.6779786666666
3625.8303223333332
3634.855306
10706.409830666666
4775.573730666667
4894.482422
10716.086588333334
10910.223632666666
10942.987955666666
3627.946289
3626.118652333333
3612.0769856666666
3610.5069983333337
4738.264160333333
4753.471679666666
3607.099284
3599.818034
3613.231608
4724.6842449999995
3598.658366
3612.145345333333
3606.558675
4744.628906000001
3615.439371666667
3583.235270333333
4738.866048333333
4794.841959666667
4803.364420333333
3607.5463866666664
3586.870361333333
10567.622721333333
3603.142334
3600.530599
3594.4113770000004
3614.137044333333
3634.8363443333333
3629.6713053333333
3605.606689
43893.013020666665
42943.36588533333
10430.057942333335
43908.919271
10263.630859333332
3591.678710666667
3634.7927246666663
10730.100911666666
4873.688965
3621.425049
3680.108317
11039.221028666667
11085.354167
18069.63346366667
4794.075195333334
4894.63916
10930.244466000002
3549.771728333333
3823.9236656666667
3629.098307333333
46033.389323
3603.170979666667
17074.765625
5207.787434666666
3547.062337
46686.408854333335
46195.635416666664
3580.1909993333334
45267.00000033333
4518.616211
4561.862955666667
10347.046224
10533.770182333334
3482.332926333334
3488.734700333333
5025.626302333333
3934.6280113333337
3600.1822916666665
3483.9626463333334
10427.751301999999
5045.844238333334
3571.0559080000003
10945.763997666667
3586.95166
4788.596679666666
4569.784667666667
3757.0696616666664
3501.0489096666665
3590.145019333333
3969.674642
10643.210612333334
3777.791992
10728.921549333332
3599.3853350000004
46005.08723966667
10688.319010333333
3577.3837076666664
3518.8303223333332
3564.422933
3503.1300453333333
3501.333008
3500.901693
3596.363281
10319.411458666667
10380.850586333332
3513.4370116666664
17884.411458333332
3583.575684
3603.6582846666665
3700.8999836666662
3640.983968
10684.417643333332
3595.9842936666664
46739.938802
44898.925781
3661.2255856666666
10218.942057333334
3623.050944
3600.289632
3972.6049803333335
3631.0616860000005
3872.6586103333334
3603.7730303333333
3604.9443360000005
3625.7626140000007
3626.255615
3487.656087
3469.4335936666666
3579.490722666667
3577.119628666667
9952.948568
3449.9496256666666
3574.794352333334
42414.41276033333
10430.24707
4988.826172
17605.644531333335
3566.768961333333
10347.077474
10265.285156333333
18675.789062333333
10792.484375
3603.3963216666666
3619.5919596666668
3617.5759276666668
3897.450358
5324.902669333333
10741.071614666667
3615.721435333333
4804.784993666667
3672.732015
10735.796224
3655.3226723333332
10650.945312666667
3630.230306
47239.700520666665
3851.0909016666665
3631.391276
5208.275065000001
3581.2113446666667
3613.5592446666665
3618.62736
3616.4060059999997
3558.9484050000005
10154.017252666667
3598.0970053333335
3583.467692
3976.9836426666666
5177.237304666666
3636.6639809999997
3550.595296333333
3610.381022
10531.331055
3580.1309406666664
3629.379638666667
3626.2556153333335
3591.7492676666666
10631.828776
4028.4769696666663
3611.061279333333
3571.993978
17184.42382766667
5219.04834
4725.533040666666
4906.073079333333
10440.474283666668
10795.500651
5288.487793
10662.833984333332
10496.963215999998
4735.496907666667
3639.8263343333333
4796.847981666667
10663.933268333334
46864.346354
10664.502929666667
3637.12736
3623.1560059999997
3668.1226396666666
3625.8846843333336
3626.2090656666664
3919.1413573333334
10991.307617333334
47423.72656266667
18754.939453
10613.627604000001
45140.182291666664
3586.256673
3604.2440593333336
3606.798746666667
3635.137939333333
3517.8623046666667
3626.03833
3582.9116209999997
3584.736653666667
3600.8509926666666
3622.060058333333
10894.980468666667
3611.8279623333333
3546.616048
3598.696614666667
3602.8966473333335
4650.407715
3617.9476726666667
3634.0397136666666
3610.1970213333334
3593.2869466666666
3521.665039
10055.887044333334
3609.228027333333
3597.708659
3535.9069823333334
3661.982340666667
3587.291015666666
46186.311198
4651.979818
10168.001627333333
3837.754719666667
10338.551106666666
