cfd
cnn
heartwall
streamcluster
bfs
knn
hotspot
gesummv
backprop
pathfinder
nw
nn

0.999221337
0.980185647
0.915346545
0.907748664
0.706243299
0.68979675
0.665036742
0.601245728
0.586333835
0.595878773
0.521823612
0.513502675

0.000599089
0.01320979
0.04511245
0.042427534
0.293626954
0.166677049
0.224553234
0.238705394
0.392295197
0.404121227
0.281436799
0.336003765

0.000179574
0.006604563
0.039541006
0.049823802
0.000129747
0.1435262
0.110410023
0.160048878
0.021370968
0.0
0.196739589
0.15049356